9
PUPPY
200 475 100 100
PUPPY
200 475 100 100
275 575 25 25
255 255 255
PUPPY
200 475 100 100
275 575 25 25
255 255 255
MOON_RABBIT
300 475 100 100
MOON_RABBIT
300 475 100 100
375 575 25 25
255 255 255
MOON_RABBIT
300 475 100 100
375 575 25 25
255 255 255
HEART_ORCHID
400 475 100 100
HEART_ORCHID
400 475 100 100
475 575 25 25
255 255 255
HEART_ORCHID
400 475 100 100
475 575 25 25
255 255 255
GHOST_CAMPANULA
500 475 100 100
GHOST_CAMPANULA
500 475 100 100
575 575 25 25
255 255 255
GHOST_CAMPANULA
500 475 100 100
575 575 25 25
255 255 255
ARIES
600 475 100 100
ARIES
600 475 100 100
675 575 25 25
255 255 255
ARIES
600 475 100 100
675 575 25 25
255 255 255
DUCKLING
700 475 100 100
DUCKLING
700 475 100 100
775 575 25 25
255 255 255
DUCKLING
700 475 100 100
775 575 25 25
255 255 255
LEO
800 475 100 100
LEO
800 475 100 100
875 575 25 25
255 255 255
LEO
800 475 100 100
875 575 25 25
255 255 255
NIGHT_RABBIT
900 475 100 100
NIGHT_RABBIT
900 475 100 100
975 575 25 25
255 255 255
NIGHT_RABBIT
900 475 100 100
975 575 25 25
255 255 255
CHICKEN_FLOWER
1000 475 100 100
CHICKEN_FLOWER
1000 475 100 100
1075 575 25 25
255 255 255
CHICKEN_FLOWER
1000 475 100 100
1075 575 25 25
255 255 255
